0.5893429487179487	0.8160586540153486	0.6764773511151988	0.9400945203729723
0.6810897435897436	0.7699835979286808	0.6715386134702745	0.9291948737599524
0.7203525641025641	0.7564443295174653	0.6770852946714365	0.9269808830416826
0.7327724358974359	0.7560643261179499	0.6784124629080118	0.9261719248946225
0.7455929487179487	0.7604854612313007	0.6793210439861289	0.925192659769234
0.7816506410256411	0.7771080880323051	0.6750865051903114	0.9200408736747988
0.7560096153846154	0.7788802433547863	0.6691489361702128	0.9205517946097841
0.78125	0.7878714153903875	0.6341463414634145	0.9042023246902542
0.8301282051282052	0.7885867505383765	0.592169191197485	0.8784859709626602
0.9042467948717948	0.8030322570197198	0.563615932076414	0.8511942776855281
0.8481570512820513	0.7800371197264085	0.5950808151791989	0.8773363988589432
0.8774038461538461	0.7808045411623061	0.629129560471129	0.890066845488994
0.8609775641025641	0.7722817087465813	0.647289156626506	0.9002852641887001
0.8581730769230769	0.768957742747815	0.6618260466553375	0.9067995061097629
0.8609775641025641	0.768560696022261	0.6602150537634409	0.9058202409843743
0.8617788461538461	0.7684865100554703	0.6614391143911439	0.9062460084301954
0.8669871794871795	0.7691314469777228	0.6582509505703422	0.9043300549240005
0.8685897435897436	0.7691725749096895	0.6564723694171083	0.9033933665431941
0.8717948717948718	0.7694842093111267	0.6534534534534535	0.9017328735044918
0.8729967948717948	0.769396287412455	0.6525905959868223	0.9012219525695065
0.8725961538461539	0.7688224884281823	0.6537595677622692	0.9017754502490739
0.8693910256410257	0.7675636185688975	0.6560846560846562	0.9031379060757014
0.8697916666666666	0.7669708922676044	0.6576794910633141	0.9037765572444331
0.8665865384615384	0.7657741360820288	0.6616702355460385	0.9058202409843743
0.8762019230769231	0.7699325915146702	0.6509897306146748	0.9001575339549538
0.8858173076923077	0.7722858533008795	0.6407766990291262	0.8944522501809512
0.8842147435897436	0.7719063383361392	0.6425036390101893	0.8954315153063397
0.8818108974358975	0.7701559880496279	0.6466872337299838	0.8976029292800273
0.8822115384615384	0.7695748144580308	0.6494617313080666	0.8987950781283263
0.8830128205128205	0.7689842032397515	0.6489988221436985	0.8984970409162515
0.8786057692307693	0.7671782959262271	0.6571771051842973	0.9025844083961341
0.8814102564102564	0.7680341098728006	0.6487761722205839	0.8985821944054158
0.8802083333333334	0.7674833789037024	0.6483694850228715	0.8985396176608337
0.8802083333333334	0.7669872199673912	0.6477959604894589	0.898284157193341
0.875801282051282	0.7653972885628163	0.6527321588533891	0.9009664921020138
0.875801282051282	0.765405184066823	0.6474159632755812	0.8986247711499978
0.8766025641025641	0.7657559074960449	0.6437187408061195	0.8968791246221314
0.8721955128205128	0.7637258964200665	0.6540483701366983	0.9019457572274024
0.8681891025641025	0.7627247738752927	0.654188679245283	0.9024566781623877
0.8721955128205128	0.7641358667405755	0.6436067997043606	0.8973474688125346
0.8697916666666666	0.7633095297347177	0.6487374869266398	0.8999020734874611
0.8653846153846154	0.7618868578582724	0.6512890094979646	0.9015199897815813
0.8685897435897436	0.763129034414954	0.6440879382055852	0.8979861199812662
0.8673878205128205	0.7625113927592728	0.6485919712402637	0.9001149572103717
0.8677884615384616	0.7630046654636794	0.6423487544483986	0.8973048920679525
0.8673878205128205	0.7629634352252519	0.6448250186150409	0.8984544641716694
0.8677884615384616	0.7635895775965501	0.6390323056498008	0.8958147060075786
0.8653846153846154	0.7617429395186803	0.6468034136846833	0.8995614595308042
0.8645833333333334	0.7625443922603917	0.6398813936249075	0.8965810874100566
0.8621794871794872	0.7604421028022682	0.6517262265293762	0.9020734874611487
0.8641826923076923	0.761746914576473	0.6394900681885561	0.8964533571763103
0.8581730769230769	0.759010983475497	0.6568537258509659	0.9047132456252395
0.8653846153846154	0.7617769045049053	0.6364172068355922	0.8949205943713544
0.8625801282051282	0.7606381191910722	0.6437434594109733	0.8985396176608337
0.8565705128205128	0.7578867850490125	0.6624322230828814	0.9072252735555839
0.8589743589743589	0.7587242910052623	0.6519689828189145	0.9025418316515519
0.8561698717948718	0.7573224664338426	0.6638707673190432	0.9078639247243155
0.8613782051282052	0.7593720774543581	0.6474928474627315	0.9003278409332822
0.8565705128205128	0.7577501564726913	0.6618170561832533	0.9069698130880913
0.8589743589743589	0.7585637488865926	0.6507816057064805	0.9020309107165666
0.8557692307692307	0.7571596080629935	0.6634570585494642	0.9077361944905693
0.8561698717948718	0.7572503230459273	0.6571340713407134	0.9050538595818963
0.8545673076923077	0.7568255675327794	0.6640722291407223	0.9081193851918082
0.8581730769230769	0.7580366374818271	0.6522533495736906	0.9027547153744625
0.8549679487179487	0.7572409298036038	0.6618080322530625	0.9071401200664198
0.8597756410256411	0.7583679757825451	0.6483383685800603	0.9008813386128497
0.8577724358974359	0.7577434096555323	0.6563458001226242	0.904542938646911
0.8533653846153846	0.7567679155536268	0.657508874826362	0.9055222037722995
0.8525641025641025	0.7566064589565252	0.6602544213465714	0.9067569293651807
0.8525641025641025	0.7560888566585896	0.657601977750309	0.9056499340060459
0.8533653846153846	0.756298911588252	0.6590346534653465	0.9061608549410312
0.8493589743589743	0.7551333116478566	0.6616729088639203	0.9076936177459871
0.8537660256410257	0.7564701739450106	0.6561970746728253	0.9049261293481501
0.8509615384615384	0.7551878228984726	0.6638537271448663	0.908417422403883
0.8529647435897436	0.7564503069723246	0.6541711476417269	0.9041597479456721
0.8513621794871795	0.7552416219374085	0.6599378881987578	0.9067569293651807
0.8537660256410257	0.7565941690609373	0.6525800030623182	0.9033933665431941
0.8525641025641025	0.7561919932614221	0.6522605363984675	0.9033933665431941
0.8533653846153846	0.7565916559271577	0.6525735294117647	0.9034359432877762
0.8573717948717948	0.7578975017938586	0.6427391500225259	0.8987099246391621
0.859375	0.7578245994535834	0.6464737793851718	0.9001149572103717
0.859375	0.7583272604871873	0.6446280991735537	0.8993059990633117
0.8529647435897436	0.7570085252397701	0.6482947624847747	0.9016477200153277
0.8553685897435898	0.7575586860070879	0.6456002419110978	0.9002001106995359
0.8533653846153846	0.7570011636981634	0.6451612903225806	0.9002426874441181
0.8541666666666666	0.7567522251631873	0.6492082825822169	0.9019031804828203
0.8533653846153846	0.7573935689039247	0.6451612903225806	0.9002426874441181
0.859375	0.758280836976787	0.6426003594967047	0.8984118874270873
0.8557692307692307	0.7573845952935778	0.6434704021690013	0.8992208455741474
0.8549679487179487	0.757026716014224	0.648041299726693	0.9013071060586707
0.8541666666666666	0.7565544375594399	0.6467465493705445	0.9008387618682675
0.8541666666666666	0.7565200888925815	0.6473356611507515	0.9010942223357602
0.8513621794871795	0.7561793062362796	0.6459948320413437	0.9008387618682675
0.8497596153846154	0.7553398743155725	0.6576744186046511	0.9059905479627027
0.8457532051282052	0.7542402947530662	0.6608232900297386	0.9077361944905693
0.844551282051282	0.7541266574065602	0.6606079598871827	0.9077787712351514
0.8477564102564102	0.754609517798487	0.6602184087363494	0.9072678503001661
0.8465544871794872	0.7544768133202331	0.6606221666406128	0.9075658875122408
0.8473557692307693	0.754631914230438	0.6591865357643759	0.9068846595989271
0.8465544871794872	0.7543213496901205	0.6586658354114714	0.9067569293651807
