0.7964743589743589	0.8415757810741609	0.5691382765531062	0.8718439988078511
0.8249198717948718	0.7762716219369066	0.6699202863185294	0.9136117852429003
0.8373397435897436	0.7729985940010757	0.6930857237605704	0.9211904457785157
0.7692307692307693	0.7680767417200204	0.6876790830945559	0.9257461574488015
0.7207532051282052	0.7674171772312072	0.66078971533517	0.9213607527568443
0.8080929487179487	0.7968806099956629	0.5871052248580992	0.879209775620556
0.7888621794871795	0.776055657959291	0.6174349325807463	0.8961127432196534
0.811698717948718	0.7743310289600269	0.62444136230544	0.8962404734533997
0.8709935897435898	0.7849927683359169	0.6019659421293091	0.8775918593264359
0.8870192307692307	0.7898639343720507	0.5930886686311279	0.8706518499595521
0.875801282051282	0.7817848979520804	0.6085746102449888	0.8802741942351088
0.8834134615384616	0.7848198946070366	0.5998367791077257	0.8747392174394346
0.8942307692307693	0.7879698327224455	0.5771170006464125	0.8607314684719206
0.9006410256410257	0.7912172579877489	0.5769280123187476	0.8596244731127858
0.8934294871794872	0.7821465603715083	0.5982562038900067	0.8724826499765828
0.8998397435897436	0.7842236015056343	0.5955190242609042	0.8700983522799847
0.8918269230769231	0.7782259301742476	0.6065395095367847	0.8770383616468684
0.8978365384615384	0.7807498948134118	0.6071525331888378	0.8765274407118832
0.8886217948717948	0.7744918959655032	0.6185164528722812	0.8835100268233491
0.8966346153846154	0.7792632942692136	0.610557904787887	0.878443394218078
0.8974358974358975	0.7757624922893703	0.6140350877192983	0.8801038872567803
0.8958333333333334	0.7757478758331743	0.618533886583679	0.8825733384425427
0.9090544871794872	0.7797541944108237	0.6074966532797857	0.8751649848852556
0.905448717948718	0.7780828012034786	0.6156360664669027	0.8798484267892877
0.9038461538461539	0.7758115603342952	0.6163092473705778	0.8804019244688551
0.9086538461538461	0.7780255360086541	0.618489228251977	0.8808702686592583
0.8982371794871795	0.7714576096823426	0.6305723526930108	0.888150891982799
0.8842147435897436	0.7701440306338597	0.6347425941903939	0.8918550687614425
0.8874198717948718	0.7689868715595416	0.6344886851904898	0.8913441478264572
0.8882211538461539	0.767919840210013	0.6408440526087587	0.8941967897134585
0.8874198717948718	0.767040267626678	0.6396188276061219	0.8937284455230553
0.8838141025641025	0.7660067625486232	0.6463521828303546	0.8972197385787882
0.8673878205128205	0.7599142769957257	0.6590563165905631	0.9046280921360753
0.8713942307692307	0.7605142656130195	0.6597906870923707	0.904500361902329
0.8733974358974359	0.7611146474783461	0.6541635408852213	0.9018606037382382
0.8669871794871795	0.7616645074867221	0.6370326758904915	0.8950057478605186
0.8669871794871795	0.7607126795807048	0.6421364985163205	0.8973048920679525
0.8721955128205128	0.7613529052934148	0.6427516976675524	0.8969642781112956
0.860176282051282	0.7581724392838388	0.653179190751445	0.9029250223527909
0.859375	0.7569419297698144	0.6542626201006558	0.9034785200323583
0.8669871794871795	0.7593158803175666	0.6495572564910701	0.9005833014007749
0.8717948717948718	0.7584620882797176	0.6538461538461539	0.9019031804828203
0.8621794871794872	0.7550582188286381	0.6668732568949488	0.9084599991484651
0.8385416666666666	0.7534575465386635	0.6595241846541672	0.9079916549580619
0.8513621794871795	0.7520980816638225	0.6716182048040454	0.911525524758377
0.8573717948717948	0.7533805091620029	0.6697965571205007	0.9101630689317495
0.8529647435897436	0.7539822928975124	0.6681311784089127	0.909950185208839
0.8581730769230769	0.7538086783296177	0.6737967914438503	0.9116958317367054
0.8549679487179487	0.7524958296746806	0.6754233264757082	0.9126750968620939
0.8697916666666666	0.7553069912410764	0.6734915464557159	0.91037595265466
0.8669871794871795	0.7541805741435424	0.6765671408472722	0.9119087154596159
0.8697916666666666	0.7560900775551943	0.6709936640395611	0.9093541107846894
0.8629807692307693	0.7531595533378951	0.6764013188883656	0.9122493294162728
0.8754006410256411	0.7586781430232772	0.6629247572815535	0.9053944735385533
0.8745993589743589	0.7563693927141087	0.6705575180463831	0.9086728828713757
0.875801282051282	0.7598821308343109	0.6592279855247286	0.9037765572444331
0.8782051282051282	0.7566343794716838	0.6662613981762917	0.9065014688976881
0.8830128205128205	0.7612336408111354	0.656929955290611	0.9019883339719845
0.8802083333333334	0.7568350222830765	0.6676796839386111	0.9068846595989271
0.8733974358974359	0.761044326785343	0.6735671249806889	0.9100353386980031
0.8577724358974359	0.7581368821960617	0.6773173046504272	0.9131434410524971
0.8725961538461539	0.7635496086573222	0.663114629319531	0.9057776642397922
0.8649839743589743	0.7553254890085084	0.6760607483951777	0.9119087154596159
0.8737980769230769	0.7561430293006672	0.6724217666101433	0.9095244177630178
0.8613782051282052	0.7553132561049293	0.6812420785804816	0.9143355899007962
0.8814102564102564	0.7582401843136357	0.6654567453115547	0.9058202409843743
0.8786057692307693	0.758020079594724	0.666970802919708	0.9067569293651807
0.8798076923076923	0.7572332416977234	0.6699206833435022	0.9078639247243155
0.891426282051282	0.7611615858620274	0.664179104477612	0.9042023246902542
0.8894230769230769	0.7604969216003654	0.6678700361010829	0.9059905479627027
0.8661858974358975	0.7604365599738099	0.6744657619716112	0.911142334057138
0.8770032051282052	0.7597892688165483	0.671575394999233	0.9088431898497041
0.8902243589743589	0.7616769167895456	0.6644736842105263	0.9044577851577469
0.8886217948717948	0.7615343351235115	0.6659660711604865	0.9052667433048069
0.8778044871794872	0.7588361648275421	0.6689055106090673	0.907651041001405
0.8842147435897436	0.7586029235286447	0.6702095353780747	0.9075233107676587
0.8926282051282052	0.7628515046482449	0.6624052326445667	0.9033082130540299
0.8818108974358975	0.7603948718832945	0.6688953046649444	0.9072252735555839
0.8645833333333334	0.7575782648525907	0.682155840050577	0.9143781666453783
0.8834134615384616	0.7594503402600836	0.6637567730282963	0.9048835526035679
0.8770032051282052	0.757575506284562	0.66890756302521	0.9077361944905693
0.8874198717948718	0.7602397129583588	0.6645664566456646	0.9047983991144037
0.8974358974358975	0.7642754316126934	0.6465579448693896	0.8957295525184145
0.8894230769230769	0.7621019966286525	0.65274919141429	0.8994337292970579
0.8894230769230769	0.7608325105050557	0.6602230483271375	0.9027121386298803
0.8866185897435898	0.7617152316155001	0.6669680530440024	0.9059053944735386
0.8958333333333334	0.7642187871568357	0.6544709498024294	0.8994763060416401
0.8934294871794872	0.7634803362454969	0.6571386474141742	0.9009239153574318
0.8737980769230769	0.7575470409110806	0.6710769230769231	0.9089709200834504
0.8886217948717948	0.7609417109929084	0.6619907476496045	0.9035636735215226
0.8842147435897436	0.7583166941916009	0.6700060716454159	0.9074381572784945
0.8990384615384616	0.7646248481541843	0.6599029554477283	0.9015199897815813
0.8954326923076923	0.7630757153206779	0.6609492828626348	0.9023715246732235
0.890625	0.7611055133602814	0.6596439169139466	0.9023289479286414
0.891426282051282	0.760372867166562	0.6618084473527662	0.9031804828202835
0.8878205128205128	0.7593008267060801	0.6611964791884231	0.9033082130540299
0.8822115384615384	0.7569431139397865	0.6699117736537875	0.907608464256823
0.8954326923076923	0.7633173060218214	0.6462339164377621	0.8958147060075786
0.8806089743589743	0.7581809534648727	0.669305724725944	0.9075233107676587
0.8922275641025641	0.7617887296114062	0.661812778603269	0.9030953293311194
