0.9823717948717948	0.9220726990291694	0.2938110358876041	0.49814791161067823
0.9683493589743589	0.8968299614221864	0.3470706490522688	0.6128070847702984
0.9599358974358975	0.8697519415463961	0.38004599888968205	0.667177587601652
0.9467147435897436	0.8546281457036149	0.4023154848046309	0.7010686762890109
0.9427083333333334	0.8377246702595953	0.4199161238511645	0.7232085834717078
0.9579326923076923	0.8743859921733239	0.3602802682136669	0.6384808617533103
0.9579326923076923	0.8676824735811998	0.3702098010373926	0.6536381828245412
0.9547275641025641	0.8641543509697566	0.37994260204081637	0.6688380806403542
0.9647435897435898	0.8675776326654311	0.38101265822784813	0.6668795503895772
0.9431089743589743	0.847910649076186	0.4144731050268509	0.7168220717843914
0.9451121794871795	0.8499976808390266	0.41997507566316544	0.7225699323029761
0.9078525641025641	0.8254298911703426	0.4691997101149187	0.7817090305275258
0.9471153846153846	0.8493873253188716	0.41870350690754515	0.7205262485630348
0.9098557692307693	0.8275926770855652	0.4490804824995056	0.7627623791884872
0.9202724358974359	0.83106171156999	0.4498629063846455	0.7608038489377102
0.9122596153846154	0.8235376379994103	0.4626168224299065	0.7747690211606421
0.9026442307692307	0.8256563697897389	0.45313757039420755	0.7684676629624899
0.9338942307692307	0.8297751734906617	0.4583620096352375	0.7654447140971601
0.9114583333333334	0.8218216720138792	0.4619289340101523	0.7743432537148209
0.9278846153846154	0.8263229893347351	0.4538506760728983	0.7626772256993231
0.8902243589743589	0.8170133281605259	0.46538904597340036	0.7826457189083322
0.8998397435897436	0.8134033248528274	0.46670129870129873	0.7814535700600332
0.8954326923076923	0.8132560953669821	0.4599711874871372	0.7765572444330906
0.9034455128205128	0.8112311692013922	0.47629105502164953	0.7888619236173202
0.8625801282051282	0.8034630204701722	0.48463702870005637	0.8050410865585217
0.9074519230769231	0.8151840677334745	0.4681202852123592	0.7808574956358837
0.9110576923076923	0.8178376168470687	0.47335553705245637	0.7845616724145272
0.9042467948717948	0.8143416341769618	0.4721263466164628	0.7851151700940946
0.8954326923076923	0.8071511440280754	0.49072346031397523	0.8024864818835952
0.9126602564102564	0.818517015375904	0.47399084477736164	0.7847319793928557
0.9050480769230769	0.8069588502204986	0.49474375821287775	0.8035509004981479
0.9138621794871795	0.8065116611084637	0.49329584775086505	0.800485374888236
0.9242788461538461	0.8109039439713761	0.4897569260163465	0.7953335887938008
0.9066506410256411	0.8050636477667228	0.49648968845985086	0.8045727423681185
0.9278846153846154	0.8166496103655085	0.48320467348216145	0.7890748073402307
0.9306891025641025	0.8175748319896787	0.4706716644716847	0.7775365095584792
0.9194711538461539	0.815759197400895	0.4801757506015274	0.7884361561714991
0.9126602564102564	0.8148894615570653	0.4815049672373705	0.791118491080172
0.9198717948717948	0.8131961027971502	0.4871631657118608	0.7941840166900839
0.9387019230769231	0.8136275388713125	0.4819995885620243	0.7855835142844978
0.9186698717948718	0.8109435041961215	0.4840105540897098	0.7918422957380679
0.9246794871794872	0.8156219871685606	0.4817365894385305	0.7885638864052454
0.9270833333333334	0.8158151233501298	0.47775369051305866	0.7846042491591093
0.9354967948717948	0.8223737688053815	0.4687813692029713	0.7746838676714778
0.9302884615384616	0.814353967171527	0.4759171961467514	0.7822625282070933
0.9174679487179487	0.820946875251755	0.47012933689180875	0.7802188444671521
0.9302884615384616	0.8142899662851348	0.48074534161490684	0.78643504917614
0.9274839743589743	0.823067179085088	0.4686234817813765	0.7764720909439264
0.9102564102564102	0.8111297868878345	0.4871877345341482	0.7963554306637715
0.9138621794871795	0.8150571073962287	0.48434016349930986	0.7932047515646954
0.9330929487179487	0.8179920530729825	0.47749871860584325	0.7829863328649891
0.9330929487179487	0.8169248628576744	0.4828944640265395	0.787627198024439
0.9302884615384616	0.813796083665358	0.48214285714285715	0.787627198024439
0.9186698717948718	0.8162057462584984	0.4801591456392001	0.7886064631498275
0.936698717948718	0.8267311228820433	0.4577133907595928	0.7641248350151147
0.9294871794871795	0.8158272018556765	0.48489915351656393	0.7901392259547835
0.9202724358974359	0.8184621086706628	0.4705520844002868	0.7799208072550773
0.9370993589743589	0.8276142682216377	0.4585824919125575	0.7648486396730106
0.9282852564102564	0.8104118932878073	0.48554065381391454	0.7909481841018435
0.9310897435897436	0.8138669855778776	0.48351191095391666	0.7886064631498275
0.9403044871794872	0.8211444120716307	0.47524551989470487	0.7793247328309277
0.9330929487179487	0.8100779446185856	0.491091196626252	0.7944820539021586
0.9318910256410257	0.8097458025294255	0.49014856179538513	0.7939711329671734
0.9258814102564102	0.8081202752510392	0.4939617398738912	0.7983991144037127
0.9206730769230769	0.8134448003516667	0.4811557788944724	0.7889896538510666
0.9298878205128205	0.8218252934484072	0.47165210323105056	0.7786009281730318
0.9106570512820513	0.8094556635202776	0.4892907114411797	0.7979733469578916
0.9254807692307693	0.8182183412706765	0.4777662874870735	0.7849874398603482
0.9338942307692307	0.8180765831610575	0.47958029009361175	0.7846042491591093
0.9282852564102564	0.8126824611602282	0.4867135805062494	0.7919274492272321
0.9334935897435898	0.818912005411303	0.47697031729785055	0.7824328351854217
0.9330929487179487	0.8173757545329929	0.4720786459916894	0.7782177374717929
0.9358974358974359	0.8156856900456867	0.48219630508824435	0.7863924724315579
0.9322916666666666	0.8183329980553158	0.4730636308192721	0.7792821560863457
0.9314903846153846	0.8195655823563456	0.4653722978382706	0.7725550304423724
0.9246794871794872	0.815922997521071	0.4796840902005612	0.786818239877379
0.9334935897435898	0.8163545263710924	0.47565581300398085	0.7812832630817048
0.9266826923076923	0.8186902782276693	0.47809011988424965	0.7849874398603482
0.9182692307692307	0.8146934225224554	0.4810578234862	0.7894579980414698
0.9310897435897436	0.8238673971221787	0.46902119071644804	0.7759611700089412
0.9447115384615384	0.8232201249271475	0.4643560456872784	0.7683825094733256
0.9282852564102564	0.8188143084917345	0.4731468245864815	0.7803039979563162
0.9158653846153846	0.8115552385663318	0.4873161372841611	0.7952058585600545
0.9338942307692307	0.8159122592470384	0.47928446591960516	0.7843487886916166
0.9294871794871795	0.8209486007550852	0.4658166850717799	0.7734491420785967
0.9338942307692307	0.8176846638104263	0.47967897931885994	0.7846894026482735
0.9254807692307693	0.8171867353239497	0.47796399751707014	0.7851577468386767
0.9375	0.8241176276989213	0.4680468046804681	0.7735342955677609
0.9375	0.8204638601509188	0.4704463208685163	0.7757057095414485
0.9346955128205128	0.8248496004149706	0.46294275225716847	0.7695320815770427
0.9286858974358975	0.8122650259156364	0.4827155351936694	0.7884787329160813
0.9246794871794872	0.8187258949365867	0.4765641131530043	0.7841359049687061
0.9362980769230769	0.8215016855683754	0.4677274091864306	0.7735342955677609
0.9314903846153846	0.8176358288230378	0.4786905497220507	0.7843913654361987
0.9334935897435898	0.8178777322004991	0.4737698251321676	0.7796227700430025
0.9322916666666666	0.8188333578007114	0.46331508213041317	0.7704687699578491
0.9294871794871795	0.8144258223586639	0.4822783494439248	0.7879252352365138
0.9190705128205128	0.8176627978577835	0.4800669666213247	0.7884361561714991
0.9278846153846154	0.8210025914376604	0.46930091185410344	0.7769830118789117
0.9242788461538461	0.8210313683670336	0.4672878266153534	0.7760463234981053
