0.8036858974358975	0.8299831819396247	0.5955172925634556	0.8839783710137523
0.9703525641025641	0.861921632079759	0.41155480033984704	0.7051134670243113
0.9631410256410257	0.8394336108453441	0.43661460225208865	0.7358538766125942
0.9651442307692307	0.848087391578441	0.41295962972486494	0.7083918763571337
0.9575320512820513	0.8299921802082306	0.4758586361373818	0.7758334397751948
0.9563301282051282	0.8338526568229249	0.4639455782312926	0.7651466768850854
0.9583333333333334	0.8334298190899206	0.46860613184445093	0.7690211606420573
0.9427083333333334	0.8177429078935983	0.5114661449842408	0.8086175331034189
0.9391025641025641	0.8175184059572965	0.5089566822277711	0.8074253842551199
0.9515224358974359	0.8254825445956724	0.48578441399059114	0.7859241282411547
0.9126602564102564	0.8018819216557753	0.5610837438423645	0.8482564823093627
0.9278846153846154	0.8082378407991896	0.5350583342959454	0.8286286030570102
0.9158653846153846	0.8030286849499276	0.5579011592434411	0.8457444543790181
0.9274839743589743	0.8129441555726319	0.5263756252842201	0.8226252820709329
0.9106570512820513	0.8002043887195639	0.5657043305126929	0.8514071614084388
0.90625	0.8009586757389264	0.5624766878030586	0.8501724358155576
0.9202724358974359	0.807638618670169	0.5469698773663532	0.8379954868650743
0.90625	0.7996961864778689	0.5673438675696011	0.8531102311917231
0.9190705128205128	0.8058623806274667	0.5472981033043063	0.8384212543108954
0.9242788461538461	0.8099783878980755	0.5373864430468204	0.8308851705198621
0.9246794871794872	0.8105697859537506	0.5353746230572953	0.8294375612040703
0.9274839743589743	0.8128457441751531	0.525241066364152	0.8218163239238728
0.9254807692307693	0.8110350103839561	0.5292096219931272	0.825009579767531
0.9270833333333334	0.8115854939659899	0.5317095588235294	0.8264571890833227
0.9262820512820513	0.8086159530575514	0.5386766076421249	0.8313960914548474
0.9286858974358975	0.8113466660328872	0.5233687062542335	0.8202409843743348
0.9202724358974359	0.8060400107953265	0.5496530270399617	0.8397411333929408
0.9266826923076923	0.8098933877004753	0.5304437564499485	0.8256482309362626
0.9222756410256411	0.8098096352998602	0.5403121699331065	0.833226891471878
0.9250801282051282	0.8105037797290144	0.5253697383390216	0.8223698216034402
0.9258814102564102	0.8086664728297226	0.5369423791821561	0.8302890960957126
0.9174679487179487	0.8018722565521168	0.5488316357100059	0.8396985566483587
0.9298878205128205	0.8107182551715425	0.5287015945330296	0.8238174309192319
0.9298878205128205	0.8113961876410657	0.5252913884802534	0.8213905564780517
0.9302884615384616	0.8125606018799436	0.5261130621955364	0.821901477413037
0.9342948717948718	0.8128556265437944	0.5228699551569507	0.818793375058543
0.9338942307692307	0.8134862255061902	0.5203125000000001	0.8170051517860945
0.9415064102564102	0.8192242750487281	0.5022977450037406	0.8017201004811172
0.9334935897435898	0.813812738068996	0.5191622103386809	0.8162387703836165
0.9370993589743589	0.8160728638228082	0.5110334280096133	0.8094264912504789
0.9370993589743589	0.8171078127331014	0.5054565099945976	0.805126240047686
0.9423076923076923	0.8220604425184763	0.4876127293459107	0.7895431515306339
0.9370993589743589	0.8161158875248241	0.507265235306875	0.8065312726188956
0.9358974358974359	0.8167180059746612	0.5036653730056058	0.803976667943969
0.9338942307692307	0.8137291057899994	0.5109601052170101	0.8100225656746285
0.9334935897435898	0.8140248539306989	0.5098468271334792	0.8092561842721505
0.9306891025641025	0.8111593415490785	0.5138812078309921	0.8128752075616298
0.9379006410256411	0.8202362558686089	0.49098154362416113	0.7933324817984417
0.9358974358974359	0.8174654033053914	0.49935870029927315	0.8005705283774003
0.9258814102564102	0.8079636921121095	0.5229689975107491	0.8204964448418274
0.9358974358974359	0.819852721973078	0.4890098388109692	0.7921403329501426
0.9350961538461539	0.8159221340721532	0.49893116716545527	0.8004002213990719
0.9322916666666666	0.8141622095735471	0.5052105948762484	0.805935198194746
0.9362980769230769	0.8162135812176159	0.4982942430703625	0.7996338399965939
0.9334935897435898	0.8090726539093542	0.5170883266755437	0.8147060075786605
0.9358974358974359	0.8195689039455295	0.48952221290863374	0.7925661003959638
0.9246794871794872	0.8089163517905777	0.5221128831580139	0.8201132541405884
0.9266826923076923	0.8126799581445445	0.5061269146608315	0.8078085749563588
0.9166666666666666	0.807203020003227	0.5260374755719048	0.8244560820879635
0.9214743589743589	0.8110877106933498	0.5128205128205128	0.8139396261761825
0.9318910256410257	0.8177744075576632	0.49957044673539525	0.8015923702473708
0.9302884615384616	0.8157064799095177	0.5025430148252354	0.8042747051560438
0.9102564102564102	0.8033610390267741	0.5386439070649597	0.8342913100864308
0.9126602564102564	0.8085697675546112	0.5236781609195402	0.8235619704517393
0.9102564102564102	0.8052408324439808	0.5310272291691014	0.8291395239919955
0.9134615384615384	0.8089248636571639	0.5221573342493988	0.8223272448588581
0.9162660256410257	0.8095107255929802	0.516369383608038	0.817601226210244
0.9038461538461539	0.8020820934744982	0.5387462686567164	0.8355260356793119
0.9106570512820513	0.8069431987683597	0.5214498738242717	0.8223698216034402
0.9078525641025641	0.8050620758797914	0.5284514925373134	0.8278196449099502
0.9142628205128205	0.8075138779594436	0.5236947791164659	0.8232639332396645
0.9150641025641025	0.8074589340466621	0.5221168133500972	0.8219866309022013
0.9114583333333334	0.8071584950391982	0.5268032881787658	0.8259888448929195
0.9042467948717948	0.803614378807853	0.5335697399527186	0.8319921658789969
0.9146634615384616	0.8079915632067012	0.5232638093055236	0.8228807425384255
0.9130608974358975	0.8069270405536584	0.5238478335823469	0.8236045471963214
0.9110576923076923	0.8039799362627864	0.5326774420238931	0.8301187891173841
0.9126602564102564	0.806249470925856	0.5256114443931702	0.8249244262783667
0.9162660256410257	0.8078821968856166	0.5214318285453716	0.8212628262443054
0.9022435897435898	0.803705018476066	0.5327025428740391	0.8317792821560863
0.9114583333333334	0.8051807486882037	0.5261940557418758	0.8255630774470984
0.9122596153846154	0.8066846492172541	0.5244731083726822	0.8242006216204709
0.9138621794871795	0.8040668658787514	0.5261215546073117	0.825052156512113
0.9222756410256411	0.8091510773001998	0.5171871489552909	0.8170051517860945
0.8958333333333334	0.7984538708208428	0.5469667318982387	0.8422957380678673
0.9134615384615384	0.8073553590209223	0.5231157508317081	0.8230084727721718
0.9066506410256411	0.8053522448524101	0.5254237288135594	0.8259462681483374
0.9190705128205128	0.8075403308710559	0.5186524983043183	0.8187082215693788
0.9162660256410257	0.8068462324466276	0.5216102178127495	0.8213905564780517
0.9086538461538461	0.8016561996857112	0.53661421980362	0.833226891471878
0.9042467948717948	0.803573637776952	0.5272132679280541	0.8276493379316218
0.9194711538461539	0.8072884086461269	0.5188785891928556	0.818793375058543
0.9106570512820513	0.805078256571537	0.5260356398981717	0.8256056541916805
0.9162660256410257	0.8064277380858415	0.5198908842918845	0.8201558308851705
0.9170673076923077	0.8079690179636222	0.5204638472032743	0.8204112913526632
0.9122596153846154	0.8063847236022814	0.5201005025125628	0.8210925192659769
0.9086538461538461	0.8043646619314536	0.5287329525585733	0.8278622216545323
0.9270833333333334	0.8140964910839081	0.5028248587570621	0.805168816792268
0.9198717948717948	0.8093246078983031	0.5147982062780269	0.8157278494486312
0.9114583333333334	0.8073141151546604	0.5221482671563002	0.822710435560097
