0.8942307692307693	0.8096721824184812	0.5859805723286952	0.8657129475880274
0.8982371794871795	0.7953293044108177	0.6180565127498276	0.8820198407629752
0.8413461538461539	0.7602750216439629	0.7003501750875437	0.9234895899859497
0.8149038461538461	0.7517748745753502	0.7098237654859534	0.9291948737599524
0.8321314102564102	0.7529828469861983	0.6999157540016849	0.9241708178992635
0.8409455128205128	0.754088188685052	0.6926249793763406	0.9206795248435304
0.8381410256410257	0.7510958565942689	0.6902012537116462	0.9200408736747988
0.8449519230769231	0.7528594243408199	0.6914754098360655	0.9198705666964704
0.8381410256410257	0.7513849147930808	0.688384336952945	0.9193596457614851
0.8413461538461539	0.7533116131296417	0.6863866644876615	0.9182952271469323
0.8517628205128205	0.7492634425214227	0.6833815493410478	0.9161238131732448
0.8485576923076923	0.7485887112453857	0.6901270772238515	0.9190190318048282
0.8521634615384616	0.7504296422248325	0.6841428111933098	0.9163792736407375
0.8461538461538461	0.7504659577650287	0.6903088739990194	0.919317069016903
0.8541666666666666	0.7529050083652119	0.6880748749394868	0.9176991527227828
0.8489583333333334	0.74736572345712	0.7007275132275133	0.9229360923063823
0.8421474358974359	0.7517981885805458	0.6899720991301495	0.9195725294843956
0.8453525641025641	0.7518462174599688	0.6887546923453567	0.9188061480819176
0.8313301282051282	0.7481010562032505	0.6987708368412191	0.9238302039426065
0.8337339743589743	0.7519595652314932	0.6968022769127741	0.9228935155618001
0.8217147435897436	0.7427103876263093	0.6990456714383094	0.9248094690679951
0.8205128205128205	0.7413275048892333	0.7082828981497492	0.9281730318899817
0.8153044871794872	0.7410807882102101	0.7040304445597649	0.9271511900200111
0.8181089743589743	0.7424239252862911	0.7009955372468245	0.9258313109379657
0.8293269230769231	0.7497865936356892	0.6927710843373494	0.9218290969472475
0.8285256410256411	0.7501890024762453	0.6860175816885057	0.9194022225060672
0.8185096153846154	0.7439533337203967	0.705090595340811	0.9272363435091753
0.8245192307692307	0.7442743061143289	0.7031089853091902	0.9260016179162941
0.8225160256410257	0.7430526086421448	0.6992506811989101	0.9248094690679951
0.8149038461538461	0.7360645314346974	0.7036844836533471	0.9270660365308468
0.8217147435897436	0.7432392505554474	0.6931395741804663	0.9226806318388896
0.8217147435897436	0.7395682392304299	0.703360768175583	0.926342231872951
0.8293269230769231	0.7501716428854793	0.6837324525185796	0.9184655341252608
0.8193108974358975	0.7409427106398228	0.6989063568010937	0.9249797760463235
0.8265224358974359	0.7431342396254679	0.6979025710419485	0.9239579341763529
0.828926282051282	0.7503002743124226	0.6804801841802335	0.9172733852769617
0.8353365384615384	0.7507211110593615	0.6901688182720953	0.9202963341422915
0.8257211538461539	0.7442651508147523	0.6976980365605957	0.9239579341763529
0.8293269230769231	0.7452305429000662	0.6973218797372411	0.9234895899859497
0.8417467948717948	0.7539747881519844	0.6801553900938815	0.9158683527057521
0.8365384615384616	0.7518212849299417	0.6877470355731226	0.9192744922723208
0.8233173076923077	0.7490249044652967	0.6874059207225289	0.9204240643760379
0.8389423076923077	0.7536029021630429	0.6772315653298836	0.9150168178141099
0.8257211538461539	0.7459481200767557	0.6954614476126202	0.9231489760292928
0.827323717948718	0.7469154473335629	0.6905199799364655	0.9211904457785157
0.8237179487179487	0.7438526343910022	0.699795779441797	0.9248946225571593
0.8325320512820513	0.7531590013395513	0.6801963993453355	0.9168050410865585
0.844551282051282	0.757934496424007	0.6688878311914961	0.911142334057138
0.827323717948718	0.7470211252775077	0.6884480746791133	0.9204240643760379
0.8305288461538461	0.7482518168956875	0.6938912133891214	0.9221271341593221
0.8489583333333334	0.7622330329470663	0.6674015748031497	0.9100779154425852
0.8297275641025641	0.7514881567070959	0.6831601517400626	0.9182100736577681
0.8449519230769231	0.7590493104294626	0.6710149538657334	0.911951292204198
0.8084935897435898	0.7415517501540327	0.6982698961937717	0.9257461574488015
0.8229166666666666	0.7462592104484524	0.6943881000676133	0.9230212457955465
0.828926282051282	0.7535662060370263	0.6794745484400657	0.9168901945757227
0.8333333333333334	0.7541107082408055	0.676973148901546	0.9154851620045131
0.8257211538461539	0.7500885928652167	0.6923076923076923	0.9219994039255759
0.8265224358974359	0.7534086281968934	0.6807457515261509	0.9176139992336186
0.8120993589743589	0.7441780924880804	0.6974023739893341	0.9251075062800699
0.8369391025641025	0.7552314132138597	0.6671989779623123	0.9112700642908843
0.8229166666666666	0.7473028179973601	0.687531380753138	0.920509217865202
0.8229166666666666	0.7499164195131178	0.6827322586006316	0.9187209945927535
0.8241185897435898	0.7457445426521089	0.6936435676951611	0.9226380550943075
0.8269230769230769	0.7525210027156796	0.6851452282157676	0.9192319155277388
0.8329326923076923	0.7566055893395531	0.6732512953367874	0.9140801294333035
0.8265224358974359	0.7499923671820147	0.6849269588313414	0.9191893387831567
0.8233173076923077	0.7480625389557402	0.6922688226376958	0.9222122876484864
0.8325320512820513	0.7521273586040165	0.6899070385126161	0.9204666411206199
0.8325320512820513	0.7564218148558046	0.6791959470501716	0.9164218503853195
0.8225160256410257	0.7449521012929389	0.6932297822049638	0.9226380550943075
0.8333333333333334	0.7526442059516582	0.6851119894598156	0.9185932643590071
0.8185096153846154	0.7449160738710436	0.6939538043478262	0.9232767062630391
0.8293269230769231	0.7518534081993865	0.6869089099054256	0.9196576829735599
0.8245192307692307	0.7491433673213155	0.6893317702227433	0.9210201388001873
0.8241185897435898	0.7498603010015702	0.684981684981685	0.9194447992506493
0.8245192307692307	0.7491876737476689	0.6878342245989304	0.9204666411206199
0.8361378205128205	0.7557127223598215	0.6764991896272287	0.9150168178141099
0.8329326923076923	0.7547739483620688	0.6718371303926322	0.9135266317537362
0.8245192307692307	0.7456734400881293	0.6861143523920653	0.9198279899518883
0.8341346153846154	0.7549569413136333	0.6793930494371023	0.9163366968961553
0.8185096153846154	0.7452680573432682	0.6944255608429639	0.9234470132413676
0.8269230769230769	0.7594716413580311	0.6590038314176244	0.9090560735726146
0.8297275641025641	0.7503981083516047	0.6827097412230096	0.9180397666794397
0.8301282051282052	0.7538177605223351	0.6718547341115435	0.9138246689658108
0.8217147435897436	0.7471218098434151	0.691620300118024	0.9221271341593221
0.8365384615384616	0.7547835633548866	0.6757281553398059	0.9146762038574531
0.8257211538461539	0.7452988397023451	0.6892976588628762	0.9208924085664411
0.8301282051282052	0.7517594666312916	0.6827018121911038	0.9179971899348576
0.8217147435897436	0.7500257767197952	0.6848080133555927	0.9196151062289777
0.8373397435897436	0.7578423170262372	0.6677316293929713	0.9114403712692127
0.8253205128205128	0.7467225962528837	0.6830238726790451	0.9185932643590071
0.8277243589743589	0.7455268686883684	0.691085465796956	0.9213607527568443
0.8233173076923077	0.7474530094346056	0.6885575473278607	0.9208498318218589
0.8349358974358975	0.7582809540099373	0.6676277430722409	0.9116532549921234
0.8357371794871795	0.7551651631181417	0.6712791633145615	0.9130157108187508
0.8257211538461539	0.7502496513341504	0.6814349479252768	0.9179546131902755
0.8201121794871795	0.7492220666719974	0.6821059646784404	0.9187635713373355
0.8293269230769231	0.7492401775700859	0.6850901869932153	0.9189764550602461
0.8369391025641025	0.7576860550486652	0.6726775076477218	0.9134414782645719
